25.71800 35.19150 -17.68 -25.88 1.00 1.00 0 0 agni
26.26908 39.24645 -21.82 -11.83 0.00 0.00 0 0 agpa
21.40903 38.62399 -10.28 -3.15 0.00 0.00 0 0 agr2
21.40784 38.62345 -11.85 -3.70 0.00 0.00 0 0 agri
23.12301 37.93861 -17.11 -23.13 0.00 1.00 0 0 agth
23.43987 37.73354 -14.97 -23.08 0.00 0.00 0 0 aigi
24.91261 34.98083 -14.81 -25.92 0.00 0.00 0 0 akyr
25.85345 40.84916 0.44 -1.14 0.00 0.00 0 0 alex
22.44357 40.62811 1.76 -2.36 0.00 0.00 0 0 alxn
25.87275 40.84600 1.31 4.76 1.00 2.00 0 0 alxp
21.35537 37.79594 -16.51 -19.01 0.00 0.00 0 0 amal
23.90411 37.73336 -16.02 -22.77 0.00 0.00 0 0 anav
23.75988 35.33161 -20.36 -24.54 1.00 1.00 0 0 anis
24.09599 35.21796 -15.24 -22.48 0.00 0.00 0 0 anop
22.69264 37.59412 -16.80 -24.12 0.00 0.00 0 0 argo
23.03363 38.75510 -10.03 -16.44 0.00 0.00 0 0 ark2
23.03361 38.75506 -9.47 -17.01 1.00 1.00 0 0 arki
20.93333 39.15294 -6.05 -1.51 0.00 0.00 0 0 art2
22.63092 40.89901 3.02 -3.03 0.00 0.00 0 0 aspr
22.99935 38.65306 -11.15 -16.98 0.00 0.00 0 0 atal
23.69859 37.93451 -16.54 -22.65 0.00 0.00 0 0 athi
22.83488 37.24436 -18.18 -26.03 0.00 0.00 0 0 atrs
23.00372 40.56682 1.24 -4.77 0.00 0.00 0 0 aut1
24.01768 35.51112 -19.26 -25.94 0.00 0.00 0 0 chan
26.14208 38.36462 -18.79 -20.13 0.00 0.00 0 0 chio
19.91516 39.61914 -1.94 4.00 0.00 0.00 0 0 corf
23.93265 38.07853 -15.72 -23.03 0.00 0.00 0 0 dion
23.93254 38.07865 -16.24 -23.15 0.00 1.00 0 0 diop
24.13742 41.15543 2.72 -2.28 0.00 0.00 0 0 dram
24.91680 41.14021 0.98 0.12 0.00 0.00 0 0 duth
22.05125 40.80429 2.00 -4.41 0.00 0.00 0 0 edes
21.92840 38.42676 -12.69 -9.60 0.00 1.00 0 0 eypa
22.38438 39.29575 -4.09 -5.76 0.00 0.00 0 0 fars
21.63981 37.06624 -22.20 -24.58 0.00 0.00 0 0 garg
21.42456 40.08222 1.10 -1.00 0.00 0.00 0 0 grev
24.08121 34.83147 -15.59 -23.62 0.00 0.00 0 0 gvds
23.60254 38.46545 -12.56 -19.00 0.00 0.00 0 0 halk
20.26790 39.49266 -2.99 3.01 0.00 0.00 0 0 hgou
25.19065 35.31351 -15.98 -25.36 0.00 0.00 0 0 hrak
25.79723 35.05307 -14.41 -25.04 1.00 1.00 0 0 iera
23.87881 40.40037 0.27 -3.82 0.00 1.00 0 0 ieri
26.27334 37.60542 -17.78 -23.25 1.00 1.00 0 0 ikar
20.85051 39.66406 0.61 2.27 0.00 0.00 0 0 ioa2
20.85410 39.65486 -2.81 -0.84 1.00 0.00 0 0 ioan
22.43021 38.43098 -12.94 -13.85 0.00 0.00 0 0 ite2
22.42724 38.43380 -13.75 -13.77 0.00 0.00 0 0 itea
22.11137 37.03373 -20.03 -24.60 0.00 0.00 0 0 kalm
21.80291 38.91186 -5.89 -5.73 0.00 1.00 0 0 kar2
21.96030 39.40863 -4.26 -4.62 0.00 0.00 0 0 kard
27.21099 35.50792 -10.88 -28.69 1.00 1.00 0 0 karp
24.41855 38.01587 -16.68 -24.70 1.00 3.00 0 0 kary
19.93554 39.74636 -3.71 3.09 0.00 0.00 0 0 kasi
21.26318 40.52307 1.47 -0.18 0.00 0.00 0 0 kast
22.50746 40.27245 1.67 -4.26 0.00 0.00 0 0 kat0
22.52126 40.27008 0.30 -4.00 0.00 0.00 0 0 kat2
27.78078 35.95148 -7.77 -26.87 0.00 0.00 0 0 katc
22.50412 40.26455 -0.31 -5.36 0.00 0.00 0 0 kate
24.38731 40.93380 0.86 -1.61 0.00 0.00 0 0 kava
20.43816 38.19572 -6.19 -4.20 2.00 3.00 0 0 kefa
22.38351 36.49327 -25.64 -26.94 6.00 1.00 0 0 kery
22.74958 38.01376 -15.89 -22.79 0.00 0.00 0 0 kiat
20.34835 38.20319 -5.46 -1.99 2.00 3.00 0 0 kipo
23.01516 36.27452 -17.17 -23.40 1.00 1.00 0 0 kith
22.01438 39.56474 -2.62 -5.24 0.00 0.00 0 0 klok
25.40851 41.11954 3.29 2.84 1.00 1.00 0 0 komo
22.04582 38.20946 -14.86 -22.68 2.00 1.00 0 0 koun
21.78527 40.29901 -0.36 -2.82 1.00 0.00 0 0 koza
23.97888 37.80618 -16.85 -24.05 0.00 1.00 0 0 krta
22.61788 37.97231 -16.51 -24.37 0.00 0.00 0 0 kryo
21.97315 38.32039 -11.08 -15.91 0.00 1.00 0 0 lamb
22.40256 38.88997 -9.05 -9.38 0.00 0.00 0 0 lami
22.40008 39.63677 -2.12 -6.40 0.00 0.00 0 0 lari
22.38791 39.61411 -2.38 -6.56 0.00 0.00 0 0 larm
25.18056 39.89722 -14.22 -10.36 0.00 1.00 0 0 lemn
26.85459 37.13635 -17.43 -24.49 0.00 0.00 0 0 lero
26.44912 39.03055 -20.04 -11.69 0.00 0.00 0 0 lesv
20.70845 38.82992 -2.86 -7.97 0.00 0.00 0 0 leuk
22.20102 38.52899 -12.05 -10.95 1.00 0.00 0 0 lido
25.06086 39.87506 -14.41 -12.73 1.00 2.00 0 0 limn
23.47983 38.79702 -13.78 -18.89 0.00 0.00 0 0 mant
23.78283 40.09590 3.26 -8.11 0.00 0.00 0 0 marm
23.38605 37.56104 -16.86 -24.55 0.00 0.00 0 0 mena
21.70457 36.82552 -21.24 -29.93 1.00 5.00 0 0 meth
24.43128 36.74222 -16.38 -24.24 0.00 0.00 0 0 milo
24.51913 36.74681 -16.58 -24.08 0.00 0.00 0 0 mlos
24.86400 35.06377 -17.27 -27.27 0.00 1.00 0 0 moir
22.85080 36.80558 -17.27 -24.22 1.00 0.00 0 0 mol2
22.85235 36.80446 -13.82 -14.70 1.00 2.00 0 0 mola
24.40304 35.19902 -16.85 -24.45 1.00 2.00 0 0 murt
22.07133 40.63018 2.31 -4.61 0.00 0.00 0 0 naou
25.38117 37.09819 -16.52 -23.98 0.00 0.00 0 0 nax2
25.37665 37.10167 -17.25 -23.29 0.00 0.00 0 0 naxo
25.61037 35.26136 -16.43 -25.24 0.00 1.00 0 0 neap
23.86403 38.04706 -15.77 -22.92 0.00 1.00 0 0 noa1
23.05759 36.51098 -17.61 -25.47 1.00 1.00 0 0 npli
23.86973 41.33574 0.73 -0.32 14.00 3.00 0 0 nvrk
26.54579 41.41418 0.77 0.23 0.00 0.00 0 0 ore2
26.52891 41.51968 1.09 3.34 0.00 0.00 0 0 ores
25.48753 35.19759 -16.91 -26.16 1.00 2.00 0 0 orop
21.78675 38.28366 -16.07 -18.17 0.00 0.00 0 0 pat0
21.79049 38.28935 -15.17 -16.75 0.00 0.00 0 0 patr
24.13705 38.43830 -15.91 -22.55 0.00 0.00 0 0 peri
22.58885 39.91925 -0.95 -6.07 0.00 0.00 0 0 pirg
23.43791 40.37637 1.85 -5.81 0.00 0.00 0 0 plgr
20.58518 38.61900 -3.20 -3.24 5.00 3.00 0 0 pont
26.26500 39.24570 -18.59 -11.12 0.00 0.00 0 0 prkv
22.18430 38.32175 -15.84 -13.09 1.00 1.00 0 0 psar
21.67814 40.51139 0.98 -2.19 0.00 0.00 0 0 ptol
21.69531 36.91417 -22.26 -24.82 0.00 0.00 0 0 pyl2
21.74197 36.89551 -27.10 -37.66 2.00 5.00 0 0 pylo
21.46221 37.67877 -18.64 -23.32 0.00 0.00 0 0 pyrg
23.00075 41.25997 2.75 -3.46 0.00 1.00 0 0 rdpl
24.49274 35.36615 -16.29 -24.27 0.00 1.00 0 0 reth
21.46474 38.05583 -13.66 -18.65 1.00 0.00 0 0 rlso
28.16166 36.29260 -9.22 -24.24 0.00 1.00 0 0 rod2
28.19529 36.40226 -13.44 -21.01 0.00 0.00 0 0 rodo
26.70534 37.79277 -17.76 -20.94 0.00 1.00 0 0 sam2
26.97346 37.75754 -19.22 -19.63 0.00 1.00 0 0 samo
23.54978 41.08397 1.21 -1.80 0.00 0.00 0 0 serr
24.73582 36.96064 -16.13 -23.38 0.00 0.00 0 0 sifn
23.72780 39.12179 -6.09 -17.58 0.00 0.00 0 0 sko2
23.73054 39.11892 -10.04 -18.45 0.00 0.00 0 0 skoe
20.67364 38.78130 -2.55 -6.80 0.00 0.00 0 0 span
22.42975 37.07966 -19.73 -24.79 1.00 1.00 0 0 spar
23.15539 37.26739 -16.89 -23.22 0.00 0.00 0 0 spet
22.37210 37.04602 -21.20 -28.47 1.00 1.00 0 0 sprt
23.79077 40.52022 0.60 -3.25 0.00 0.00 0 0 stra
22.92905 40.50420 2.10 -6.27 0.00 0.00 0 0 thes
23.31838 38.31655 -14.15 -19.17 0.00 0.00 0 0 thi2
23.31947 38.31954 -15.65 -20.47 0.00 0.00 0 0 thiv
27.39365 36.38043 -11.25 -27.90 0.00 0.00 0 0 tilo
25.16852 37.53930 -17.35 -24.91 0.00 1.00 0 0 tino
22.36939 37.50814 -15.28 -24.32 1.00 0.00 0 0 tri2
22.36678 37.50928 -22.11 -33.26 3.00 13.00 0 0 trip
22.07274 38.36539 -15.36 -12.53 1.00 1.00 0 0 triz
21.95950 37.73010 -17.14 -21.79 0.00 0.00 0 0 trop
24.07056 35.53319 -15.94 -23.37 1.00 1.00 0 0 tuc2
21.89926 37.43044 -18.47 -25.52 0.00 0.00 0 0 vass
20.58864 38.17683 -6.42 -6.77 4.00 4.00 0 0 vlsm
22.76090 39.18081 -6.84 -10.34 0.00 0.00 0 0 volo
24.85809 41.11481 3.61 -1.35 1.00 1.00 0 0 xant
23.53270 35.31054 -15.88 -22.81 0.00 0.00 0 0 xrso
